81,10
81,9
81,8
81,7
81,6
81,5
81,4
81,3
81,2
81,1
80,4
80,3
80,2
80,1
79,4
79,3
79,2
79,1
78,4
78,3
78,2
78,1
77,80
77,79
77,78
77,77
77,76
77,75
77,74
77,73
77,72
77,71
77,70
77,69
77,68
77,67
77,66
77,65
77,64
77,37
77,36
77,35
77,34
77,33
77,32
77,31
77,30
77,29
77,28
77,27
77,26
77,25
77,24
77,23
77,22
77,21
77,20
77,19
77,18
77,17
77,16
77,15
77,14
77,13
77,12
77,11
77,10
77,9
77,8
77,7
77,6
77,5
77,4
77,3
77,2
77,1
76,6
76,5
76,4
76,3
76,2
76,1
75,4
75,3
75,2
75,1
74,71
74,70
74,69
74,68
74,67
74,66
74,65
74,64
74,36
74,35
74,34
74,33
74,32
74,31
74,30
74,29
74,28
74,27
74,26
74,25
74,24
74,23
74,22
74,21
74,20
74,19
74,18
74,17
74,16
74,15
74,14
74,13
74,12
74,11
74,10
74,9
74,8
74,7
74,6
74,5
74,4
74,3
74,2
74,1
73,67
73,66
73,65
73,64
73,38
73,37
73,36
73,35
73,34
73,33
73,32
73,31
73,30
73,29
73,28
73,27
73,26
73,25
73,24
73,23
73,22
73,21
73,20
73,19
73,18
73,17
73,16
73,15
73,14
73,13
73,12
73,11
73,10
73,9
73,8
73,7
73,6
73,5
73,4
73,3
73,2
73,1
72,1712
72,1711
72,1710
72,1709
72,1708
72,1707
72,1706
72,1705
72,1704
72,1703
72,1702
72,1701
72,1700
72,1699
72,1698
72,1697
72,1696
72,1695
72,1694
72,1693
72,1692
72,1691
72,1690
72,1689
72,1688
72,1687
72,1686
72,1685
72,1684
72,1683
72,1682
72,1681
72,1680
72,1679
72,1678
72,1677
72,1676
72,1675
72,1674
72,1673
72,1672
72,1671
72,1670
72,1669
72,1668
72,1667
72,1666
72,1665
72,1664
72,1659
72,1658
72,1657
72,1656
72,1655
72,1654
72,1653
72,1652
72,1651
72,1650
72,1649
72,1648
72,1647
72,1646
72,1645
72,1644
72,1643
72,1642
72,1641
72,1640
72,1639
72,1638
72,1637
72,1636
72,1635
72,1634
72,1633
72,1632
72,1631
72,1630
72,1629
72,1628
72,1627
72,1626
72,1625
72,1624
72,1623
72,1622
72,1621
72,1620
72,1619
72,1618
72,1617
72,1616
72,1615
72,1614
72,1613
72,1612
72,1611
72,1610
72,1609
72,1608
72,1607
72,1606
72,1605
72,1604
72,1603
72,1602
72,1601
72,1600
72,1594
72,1593
72,1592
72,1591
72,1590
72,1589
72,1588
72,1587
72,1586
72,1585
72,1584
72,1583
72,1582
72,1581
72,1580
72,1579
72,1578
72,1577
72,1576
72,1575
72,1574
72,1573
72,1572
72,1571
72,1570
72,1569
72,1568
72,1567
72,1566
72,1565
72,1564
72,1563
72,1562
72,1561
72,1560
72,1559
72,1558
72,1557
72,1556
72,1555
72,1554
72,1553
72,1552
72,1551
72,1550
72,1549
72,1548
72,1547
72,1546
72,1545
72,1544
72,1543
72,1542
72,1541
72,1540
72,1539
72,1538
72,1537
72,1536
72,1527
72,1526
72,1525
72,1524
72,1523
72,1522
72,1521
72,1520
72,1519
72,1518
72,1517
72,1516
72,1515
72,1514
72,1513
72,1512
72,1511
72,1510
72,1509
72,1508
72,1507
72,1506
72,1505
72,1504
72,1503
72,1502
72,1501
72,1500
72,1499
72,1498
72,1497
72,1496
72,1495
72,1494
72,1493
72,1492
72,1491
72,1490
72,1489
72,1488
72,1487
72,1486
72,1485
72,1484
72,1483
72,1482
72,1481
72,1480
72,1479
72,1478
72,1477
72,1476
72,1475
72,1474
72,1473
72,1472
72,1458
72,1457
72,1456
72,1455
72,1454
72,1453
72,1452
72,1451
72,1450
72,1449
72,1448
72,1447
72,1446
72,1445
72,1444
72,1443
72,1442
72,1441
72,1440
72,1439
72,1438
72,1437
72,1436
72,1435
72,1434
72,1433
72,1432
72,1431
72,1430
72,1429
72,1428
72,1427
72,1426
72,1425
72,1424
72,1423
72,1422
72,1421
72,1420
72,1419
72,1418
72,1417
72,1416
72,1415
72,1414
72,1413
72,1412
72,1411
72,1410
72,1409
72,1408
72,1402
72,1401
72,1400
72,1399
72,1398
72,1397
72,1396
72,1395
72,1394
72,1393
72,1392
72,1391
72,1390
72,1389
72,1388
72,1387
72,1386
72,1385
72,1384
72,1383
72,1382
72,1381
72,1380
72,1379
72,1378
72,1377
72,1376
72,1375
72,1374
72,1373
72,1372
72,1371
72,1370
72,1369
72,1368
72,1367
72,1366
72,1365
72,1364
72,1363
72,1362
72,1361
72,1360
72,1359
72,1358
72,1357
72,1356
72,1355
72,1354
72,1353
72,1352
72,1351
72,1350
72,1349
72,1348
72,1347
72,1346
72,1345
72,1344
72,1336
72,1335
72,1334
72,1333
72,1332
72,1331
72,1330
72,1329
72,1328
72,1327
72,1326
72,1325
72,1324
72,1323
72,1322
49,103
49,33
49,27
49,13
49,132
49,136
49,30
49,110
49,36
49,21
49,39
58,114
58,87
58,86
58,115
58,84
58,70
58,10
58,9
72,37
72,38
72,39
72,125
72,810
72,159
72,850
72,992
52,9
52,6
52,11
52,10
52,2
52,3
58,128
58,83
58,7
58,35
58,65
58,96
58,68
58,98
58,73
58,2
58,3
49,9
49,55
49,56
49,57
49,53
49,58
49,44
49,46
49,8
49,32
49,97
49,78
49,7
49,98
49,28
49,74
49,116
49,5
49,3
17,3
1,3
3,3
0,243
72,1321
72,1320
72,1319
72,1318
72,1317
72,1316
72,1315
72,1314
72,1313
72,1312
72,1311
72,1310
72,1309
72,1308
72,1307
72,1306
72,1305
72,1304
72,1303
72,1302
72,1301
72,1300
72,1299
72,1298
72,1297
72,1296
72,1295
72,1294
72,1293
72,1292
72,1291
72,1290
72,1289
72,1288
72,1287
72,1286
72,1285
72,1284
72,1283
72,1282
72,1281
72,1280
72,1265
72,45
72,44
72,43
72,42
72,41
72,4
72,3
72,2
72,1
72,0
49,137
49,51
49,60
49,49
49,48
49,17
49,4
49,2
49,1
49,0
0,9
0,0
0,1
0,300
0,299
0,298
0,297
0,296
0,295
0,294
0,293
0,292
0,291
0,290
0,289
0,288
0,287
0,286
0,285
0,284
0,283
0,282
0,281
0,280
0,279
0,278
0,277
0,276
0,275
0,274
0,273
0,272
0,271
0,270
0,269
0,268
0,267
0,266
0,265
0,264
0,263
0,262
0,261
0,260
0,259
0,258
0,257
0,256
0,255
0,254
0,253
0,252
0,251
0,250
0,249
0,248
0,247
0,246
0,245
0,244
0,242
0,241
0,240
0,239
0,238
0,237
0,236
0,235
0,234
0,233
0,232
0,231
0,230
0,229
0,228
0,227
0,226
0,225
0,224
0,223
0,222
0,221
0,220
0,219
0,218
0,217
0,216
0,215
0,214
0,213
0,212
0,211
0,210
0,209
0,208
0,207
0,206
0,205
0,204
0,203
0,202
0,201
0,200
0,199
0,198
0,197
0,196
0,195
0,194
0,193
0,192
0,63
0,62
0,61
0,60
0,59
0,58
0,57
0,56
0,55
0,54
0,53
0,52
0,51
0,50
0,49
0,48
0,47
0,46
0,45
0,6
0,5
0,304
0,303
0,306
0,305
0,302
0,12
0,10
0,8
0,11
0,4
0,2
0,3
0,7
81,0
80,0
79,0
78,0
77,0
76,0
75,0
74,0
73,0
